tam,total,sequencial,paralelo
5,0.00245927,1.88034e-05,0.00244047
5,0.00283956,1.86898e-05,0.00282087
5,0.00259483,1.78795e-05,0.00257695
5,0.00272694,1.8958e-05,0.00270799
5,0.00237148,1.94479e-05,0.00235203
5,0.00286429,1.8198e-05,0.00284609
5,0.00241943,1.8863e-05,0.00240056
5,0.00248627,1.82632e-05,0.00246801
5,0.00257298,1.86004e-05,0.00255438
5,0.00272488,2.36444e-05,0.00270124
5,0.00259392,1.88202e-05,0.0025751
5,0.00273594,1.99769e-05,0.00271597
5,0.00248553,1.78255e-05,0.00246771
5,0.00239315,1.76989e-05,0.00237545
5,0.00255678,1.79261e-05,0.00253886
5,0.00232176,1.80937e-05,0.00230366
5,0.00257706,1.87084e-05,0.00255835
5,0.00228288,2.02246e-05,0.00226265
5,0.00230133,1.79242e-05,0.0022834
5,0.00251315,1.93734e-05,0.00249378
5,0.00139697,1.30776e-05,0.0013839
5,0.00135198,1.57319e-05,0.00133624
5,0.00137746,1.58306e-05,0.00136163
5,0.00128327,1.67247e-05,0.00126654
5,0.00133832,1.57095e-05,0.00132261
5,0.00132415,1.36383e-05,0.00131052
5,0.00136567,1.58548e-05,0.00134982
5,0.00128588,1.41617e-05,0.00127172
5,0.00178836,1.66278e-05,0.00177173
5,0.00129312,1.63112e-05,0.00127681
5,0.00139949,1.50632e-05,0.00138442
5,0.00125082,1.32229e-05,0.0012376
5,0.00112885,1.59368e-05,0.00111291
5,0.00146079,1.74008e-05,0.00144338
5,0.00141947,1.64043e-05,0.00140307
5,0.0014568,1.56332e-05,0.00144117
5,0.00118622,1.40611e-05,0.00117216
5,0.00126982,1.56872e-05,0.00125413
5,0.00143762,1.62106e-05,0.00142141
5,0.00134616,1.56481e-05,0.00133051
5,0.000723246,1.46516e-05,0.000708595
5,0.000746351,1.78888e-05,0.000728462
5,0.000703325,1.52513e-05,0.000688074
5,0.000703445,1.31726e-05,0.000690272
5,0.000718774,1.43703e-05,0.000704404
5,0.000745475,1.45137e-05,0.000730962
5,0.000730513,1.42138e-05,0.000716299
5,0.00069171,1.36513e-05,0.000678059
5,0.000762388,1.40686e-05,0.00074832
5,0.000738658,1.47037e-05,0.000723954
5,0.000733279,1.53203e-05,0.000717958
5,0.000709228,1.35787e-05,0.00069565
5,0.000690093,1.36718e-05,0.000676421
5,0.000660732,1.56295e-05,0.000645103
5,0.000756785,1.47484e-05,0.000742037
5,0.000707598,1.59405e-05,0.000691658
5,0.000702471,1.54227e-05,0.000687048
5,0.000706494,1.47223e-05,0.000691772
5,0.00076006,1.45994e-05,0.00074546
5,0.000709113,1.44411e-05,0.000694672
5,0.000360917,1.51452e-05,0.000345772
5,0.000343081,1.32658e-05,0.000329815
5,0.000392426,1.53892e-05,0.000377037
5,0.00036072,1.37147e-05,0.000347005
5,0.000422062,1.5052e-05,0.00040701
5,0.000379644,1.4266e-05,0.000365378
5,0.000382157,1.3167e-05,0.00036899
5,0.000369646,1.52979e-05,0.000354348
5,0.000360651,1.46888e-05,0.000345962
5,0.00035351,1.38264e-05,0.000339683
5,0.000409534,1.3696e-05,0.000395838
5,0.000379762,1.2869e-05,0.000366893
5,0.000366438,1.37147e-05,0.000352724
5,0.000369979,1.5296e-05,0.000354683
5,0.000379894,1.30292e-05,0.000366865
5,0.000364283,1.1405e-05,0.000352878
5,0.000355653,1.45752e-05,0.000341078
5,0.000362813,1.53799e-05,0.000347434
5,0.000352956,1.23139e-05,0.000340642
5,0.000364317,1.41747e-05,0.000350142
5,0.000120506,1.13193e-05,0.000109186
5,0.000116019,1.11684e-05,0.00010485
5,0.000114342,1.16043e-05,0.000102738
5,0.000120325,1.13156e-05,0.000109009
5,0.000115572,1.12578e-05,0.000104314
5,0.000116015,1.09933e-05,0.000105022
5,0.000113044,1.09635e-05,0.00010208
5,0.000116242,1.18576e-05,0.000104384
5,0.000119088,1.16155e-05,0.000107473
5,0.000147201,1.17794e-05,0.000135422
5,0.000114899,1.12969e-05,0.000103602
5,0.000113275,1.1282e-05,0.000101993
5,0.000112887,1.07344e-05,0.000102153
5,0.000130828,1.09635e-05,0.000119865
5,0.000113454,1.09226e-05,0.000102531
5,0.000118479,1.15093e-05,0.00010697
5,0.000155844,1.38115e-05,0.000142032
5,0.000113148,1.07028e-05,0.000102445
5,0.000114378,1.1377e-05,0.000103001
5,0.000113908,1.11368e-05,0.000102771
9999,120.685,1.28644,119.399
9999,118.98,1.2111,117.769
9999,116.2,1.15877,115.041
9999,115.305,1.13835,114.167
9999,114.541,1.15941,113.381
9999,118.792,1.28078,117.511
9999,117.514,1.15226,116.362
9999,119.545,1.17414,118.37
9999,114.617,1.13865,113.478
9999,118.743,1.20212,117.541
9999,116.368,1.15095,115.217
9999,121.395,1.15758,120.237
9999,119.004,1.12304,117.881
9999,113.294,1.17705,112.117
9999,113.708,1.20556,112.503
9999,114.495,1.16427,113.331
9999,119.669,1.14054,118.529
9999,116.553,1.11461,115.438
9999,123.642,1.14417,122.498
9999,115.978,1.25842,114.72
9999,120.888,1.04009,119.847
9999,119.856,1.09304,118.763
9999,120.731,1.05736,119.673
9999,123.556,1.10545,122.451
9999,120.34,1.09341,119.247
9999,122.542,1.05965,121.482
9999,121.218,1.06308,120.155
9999,120.078,1.08061,118.997
9999,121.469,1.08526,120.384
9999,119.093,1.0746,118.018
9999,120.853,1.08765,119.765
9999,120.81,1.15063,119.659
9999,127.386,1.08994,126.296
9999,121.138,1.07779,120.06
9999,123.384,1.05969,122.325
9999,120.569,1.09401,119.475
9999,119.557,1.07505,118.482
9999,126.117,1.0355,125.081
9999,121.898,1.07728,120.821
9999,122.79,1.09791,121.692
9999,203.225,1.09152,202.134
9999,205.211,1.07405,204.137
9999,215.472,1.18986,214.282
9999,204.619,1.14723,203.472
9999,203.399,1.18425,202.215
9999,203.509,1.06339,202.446
9999,209.061,1.16717,207.893
9999,206.268,1.04977,205.219
9999,209.278,1.1111,208.167
9999,203.392,1.04636,202.346
9999,203.565,1.11548,202.45
9999,204.48,1.13794,203.342
9999,204.627,1.09274,203.535
9999,211.277,1.08258,210.195
9999,203.512,1.09265,202.419
9999,210.34,1.17942,209.161
9999,203.089,1.05926,202.03
9999,205.08,1.15156,203.928
9999,203.606,1.06336,202.542
9999,202.871,1.05832,201.813
9999,390.382,0.960238,389.422
9999,387.052,1.09213,385.96
9999,390.857,1.09186,389.765
9999,396.515,0.916906,395.598
9999,388.667,1.10374,387.563
9999,388.457,1.08549,387.371
9999,389.483,0.881035,388.602
9999,381.884,1.09765,380.786
9999,384.05,1.08334,382.967
9999,386.758,1.07529,385.683
9999,397.838,0.786093,397.052
9999,382.232,1.0879,381.145
9999,381.169,1.04793,380.121
9999,383.913,1.14945,382.764
9999,383.641,1.06681,382.574
9999,398.664,0.767463,397.897
9999,392.544,0.858522,391.685
9999,385.124,1.06326,384.061
9999,398.947,1.15676,397.791
9999,384.782,1.13273,383.65
9999,748.493,0.668271,747.824
9999,747.943,0.662463,747.281
9999,749.595,0.705149,748.89
9999,748.755,0.828105,747.927
9999,742.276,0.865758,741.41
9999,755.097,0.8877,754.209
9999,757.601,0.892235,756.709
9999,742.73,0.684543,742.045
9999,752.296,0.839251,751.456
9999,751.26,0.663914,750.596
9999,752.382,0.712267,751.67
9999,750.824,0.660764,750.163
9999,748.102,0.663066,747.439
9999,754.238,0.664118,753.574
9999,747.836,0.853927,746.983
9999,742.818,0.719276,742.099
9999,751.651,0.827182,750.824
9999,751.372,0.70277,750.67
9999,756.647,0.659693,755.987
9999,752.198,0.730654,751.467
5040,14.4059,0.317456,14.0884
5040,14.3528,0.341089,14.0117
5040,14.445,0.335721,14.1092
5040,14.3192,0.320872,13.9984
5040,14.2652,0.292685,13.9725
5040,14.3035,0.295235,14.0083
5040,14.2587,0.33801,13.9207
5040,14.1974,0.315634,13.8818
5040,14.3965,0.298894,14.0976
5040,14.2218,0.329247,13.8926
5040,14.2935,0.343876,13.9496
5040,14.4082,0.332659,14.0756
5040,14.6255,0.309611,14.3159
5040,14.3334,0.329703,14.0037
5040,14.3151,0.301867,14.0132
5040,14.2148,0.336253,13.8785
5040,14.2606,0.342719,13.9179
5040,14.4529,0.331529,14.1214
5040,14.3101,0.298636,14.0115
5040,14.2947,0.30164,13.9931
5040,15.4161,0.301636,15.1144
5040,15.4535,0.302245,15.1512
5040,15.4619,0.298403,15.1635
5040,15.4602,0.303194,15.157
5040,15.4075,0.306838,15.1007
5040,15.4403,0.30614,15.1341
5040,15.5828,0.300519,15.2823
5040,15.5051,0.298532,15.2066
5040,15.961,0.29864,15.6624
5040,15.4025,0.307543,15.095
5040,15.559,0.30349,15.2555
5040,15.5191,0.29879,15.2203
5040,15.589,0.300658,15.2883
5040,15.4527,0.299573,15.1532
5040,15.4647,0.297815,15.1668
5040,15.5135,0.295902,15.2176
5040,15.4484,0.309827,15.1386
5040,15.41,0.302862,15.1071
5040,15.5657,0.30709,15.2586
5040,15.4491,0.315596,15.1335
5040,26.7796,0.295023,26.4846
5040,27.629,0.312838,27.3162
5040,26.7976,0.299735,26.4979
5040,26.5749,0.302498,26.2724
5040,26.7198,0.304059,26.4158
5040,27.0911,0.30709,26.784
5040,27.3983,0.309484,27.0888
5040,26.7537,0.313929,26.4398
5040,27.7725,0.315662,27.4569
5040,26.5583,0.300576,26.2577
5040,27.6539,0.354016,27.2998
5040,26.8538,0.299215,26.5545
5040,26.64,0.308698,26.3313
5040,27.0116,0.295492,26.7161
5040,26.5321,0.29977,26.2323
5040,26.8849,0.308087,26.5768
5040,26.9661,0.310483,26.6556
5040,26.6751,0.313686,26.3614
5040,26.6783,0.296421,26.3819
5040,26.5596,0.308105,26.2515
5040,51.3305,0.309805,51.0207
5040,51.0893,0.295534,50.7938
5040,51.8192,0.306799,51.5124
5040,51.7445,0.299979,51.4445
5040,51.2325,0.292176,50.9403
5040,52.1509,0.308157,51.8428
5040,52.6139,0.197356,52.4165
5040,52.261,0.289532,51.9715
5040,51.7389,0.310709,51.4282
5040,51.3392,0.291169,51.048
5040,52.3778,0.22947,52.1483
5040,52.2307,0.202093,52.0286
5040,51.6201,0.343183,51.2769
5040,51.2379,0.299079,50.9388
5040,51.2937,0.269562,51.0242
5040,51.9066,0.339842,51.5668
5040,51.2282,0.306218,50.922
5040,52.2505,0.194737,52.0558
5040,51.3897,0.293736,51.096
5040,51.5868,0.304479,51.2823
5040,100.502,0.158042,100.344
5040,101.448,0.15875,101.29
5040,102.372,0.16024,102.211
5040,100.705,0.158205,100.547
5040,100.166,0.205513,99.9609
5040,100.151,0.164485,99.9869
5040,100.585,0.161161,100.424
5040,101.018,0.163342,100.855
5040,101.29,0.206993,101.083
5040,100.903,0.15744,100.746
5040,100.41,0.209836,100.2
5040,99.6431,0.165812,99.4772
5040,99.6652,0.164378,99.5008
5040,100.682,0.200908,100.481
5040,102.643,0.158843,102.484
5040,100.729,0.157313,100.571
5040,100.868,0.156837,100.711
5040,100.988,0.157068,100.831
5040,102.55,0.158687,102.392
5040,100.554,0.158041,100.396
2499,14.2504,0.164841,14.0856
2499,14.0064,0.18009,13.8264
2499,13.9838,0.183565,13.8002
2499,14.0355,0.164799,13.8707
2499,14.0929,0.163286,13.9296
2499,13.9853,0.182233,13.803
2499,14.0192,0.179984,13.8393
2499,13.9727,0.17994,13.7928
2499,13.9935,0.182386,13.8111
2499,14.0524,0.162044,13.8904
2499,13.9863,0.183918,13.8024
2499,14.0032,0.181437,13.8218
2499,13.9865,0.181316,13.8052
2499,13.9975,0.182019,13.8155
2499,14.0777,0.180689,13.897
2499,13.9712,0.180528,13.7906
2499,14.0126,0.183254,13.8293
2499,14.0172,0.162344,13.8549
2499,14.054,0.175609,13.8784
2499,14.0115,0.182777,13.8287
2499,23.9027,0.164534,23.7382
2499,23.9233,0.16373,23.7595
2499,23.8799,0.162311,23.7175
2499,23.8983,0.16821,23.7301
2499,23.9224,0.169632,23.7528
2499,23.9045,0.16482,23.7397
2499,23.9074,0.165069,23.7424
2499,23.888,0.163428,23.7245
2499,23.8799,0.165949,23.714
2499,23.9098,0.165031,23.7448
2499,23.9217,0.163985,23.7577
2499,23.9017,0.165881,23.7358
2499,23.8839,0.161657,23.7222
2499,23.9151,0.166377,23.7487
2499,23.9131,0.166197,23.7469
2499,23.8872,0.159884,23.7273
2499,23.9174,0.163473,23.7539
2499,23.949,0.168114,23.7809
2499,23.936,0.168426,23.7676
2499,23.8997,0.162314,23.7374
2499,47.3255,0.16284,47.1626
2499,47.5282,0.163554,47.3647
2499,47.3102,0.168072,47.1421
2499,47.5787,0.163017,47.4157
2499,47.5159,0.166949,47.349
2499,47.471,0.163612,47.3074
2499,47.3132,0.162896,47.1503
2499,47.3133,0.169368,47.144
2499,47.6924,0.165867,47.5265
2499,47.3405,0.16663,47.1738
2499,47.3893,0.168566,47.2208
2499,47.3318,0.167121,47.1646
2499,47.3508,0.164225,47.1866
2499,47.3523,0.164915,47.1873
2499,47.4053,0.166612,47.2387
2499,47.3942,0.164667,47.2295
2499,47.5086,0.164958,47.3436
2499,47.5102,0.163866,47.3464
2499,47.3334,0.16506,47.1684
2499,47.4271,0.165435,47.2617
2499,94.9427,0.168325,94.7743
2499,94.7592,0.160652,94.5985
2499,95.5085,0.162126,95.3464
2499,95.8633,0.164016,95.6993
2499,93.7313,0.108759,93.6226
2499,95.1859,0.174847,95.0111
2499,95.9863,0.171315,95.815
2499,95.413,0.154604,95.2584
2499,94.176,0.145424,94.0306
2499,95.0757,0.17286,94.9028
2499,95.0329,0.165918,94.867
2499,95.2518,0.165659,95.0861
2499,95.0145,0.166461,94.8481
2499,94.9741,0.165152,94.8089
2499,96.0945,0.165996,95.9285
2499,94.9721,0.166236,94.8059
2499,94.7111,0.161033,94.5501
2499,94.6968,0.161628,94.5352
2499,94.6807,0.161247,94.5195
2499,94.9189,0.160529,94.7584
2499,186.106,0.0746717,186.031
2499,185.538,0.0713322,185.466
2499,185.418,0.0723733,185.345
2499,185.975,0.0720447,185.903
2499,185.692,0.0719923,185.62
2499,186.036,0.0720734,185.964
2499,186.41,0.0724506,186.337
2499,185.552,0.0713696,185.481
2499,186.259,0.0724334,186.187
2499,186.556,0.0735628,186.482
2499,187.436,0.0728681,187.363
2499,185.617,0.071789,185.545
2499,188.429,0.0728733,188.356
2499,185.346,0.0730314,185.273
2499,186.108,0.0722046,186.035
2499,186.864,0.0723114,186.792
2499,187.224,0.0726646,187.151
2499,187.448,0.0727075,187.375
2499,185.925,0.0717088,185.854
2499,187.316,0.0728591,187.243
499,0.17993,0.00825342,0.171677
499,0.178413,0.00815193,0.170261
499,0.178408,0.00827942,0.170129
499,0.175752,0.00834852,0.167403
499,0.172631,0.00852729,0.164104
499,0.176568,0.00928868,0.167279
499,0.147894,0.00768411,0.14021
499,0.148032,0.00791346,0.140118
499,0.148063,0.00786058,0.140203
499,0.144633,0.00768511,0.136948
499,0.142582,0.0076765,0.134905
499,0.142977,0.00776627,0.135211
499,0.143053,0.0075917,0.135461
499,0.142731,0.00766407,0.135067
499,0.142335,0.00766693,0.134668
499,0.142865,0.00773016,0.135135
499,0.142546,0.00753013,0.135016
499,0.142954,0.00776912,0.135185
499,0.141906,0.00754063,0.134365
499,0.14282,0.00771187,0.135108
499,0.221627,0.00641613,0.215211
499,0.221815,0.00642138,0.215394
499,0.221535,0.00642824,0.215106
499,0.222361,0.00645914,0.215902
499,0.221358,0.00646317,0.214895
499,0.221846,0.00662753,0.215219
499,0.222074,0.00689024,0.215184
499,0.222491,0.00654215,0.215948
499,0.221685,0.00651581,0.215169
499,0.222232,0.00648764,0.215744
499,0.221737,0.00663641,0.215101
499,0.221597,0.00654254,0.215055
499,0.222011,0.00665815,0.215353
499,0.221621,0.00654668,0.215074
499,0.221724,0.00656515,0.215159
499,0.221667,0.00660321,0.215064
499,0.22413,0.00692097,0.217209
499,0.222085,0.00664319,0.215442
499,0.221738,0.00657882,0.215159
499,0.221886,0.00637983,0.215507
499,0.418977,0.00655671,0.412421
499,0.416946,0.00678236,0.410164
499,0.418129,0.00655605,0.411573
499,0.418668,0.00676817,0.4119
499,0.418317,0.00663987,0.411677
499,0.417929,0.00642728,0.411502
499,0.416793,0.00649579,0.410298
499,0.413747,0.00652413,0.407223
499,0.415394,0.00651167,0.408883
499,0.414421,0.00663973,0.407781
499,0.537897,0.00749143,0.530405
499,0.5703,0.00966382,0.560637
499,0.442106,0.00688131,0.435225
499,0.416744,0.00648837,0.410255
499,0.528214,0.00755198,0.520662
499,0.69398,0.0100775,0.683902
499,0.49936,0.0073546,0.492005
499,0.420497,0.00642151,0.414075
499,0.415749,0.00650312,0.409246
499,0.479598,0.0069715,0.472627
499,0.972192,0.00721032,0.964982
499,1.01926,0.00749337,1.01176
499,1.02169,0.00752661,1.01416
499,0.924369,0.00681486,0.917555
499,0.783637,0.0035066,0.78013
499,1.01842,0.00752837,1.01089
499,0.82366,0.00660875,0.817051
499,0.823771,0.00659252,0.817178
499,0.924394,0.00738109,0.917012
499,0.823474,0.00636334,0.817111
499,0.824937,0.00647403,0.818463
499,0.824263,0.00697015,0.817293
499,0.824735,0.00642872,0.818306
499,0.824726,0.00650554,0.818221
499,0.925456,0.00740102,0.918055
499,0.821819,0.00651986,0.815299
499,0.784979,0.00346838,0.78151
499,1.0544,0.0085649,1.04583
499,0.823238,0.00644909,0.816789
499,0.823672,0.00635839,0.817313
499,1.53879,0.00271928,1.53607
499,1.53419,0.00256901,1.53162
499,1.56632,0.0027644,1.56356
499,1.54116,0.00263745,1.53852
499,2.1405,0.00331104,2.13719
499,1.56487,0.00279295,1.56207
499,1.54052,0.00259138,1.53793
499,1.53549,0.00253909,1.53295
499,1.53956,0.00257455,1.53698
499,1.53401,0.00275268,1.53126
499,1.53984,0.0026694,1.53717
499,1.73286,0.00293351,1.72992
499,1.53668,0.00261286,1.53406
499,1.53969,0.00273258,1.53696
499,1.53283,0.00269333,1.53014
499,1.53811,0.00269024,1.53542
499,1.86858,0.00367349,1.86491
499,1.75726,0.00350294,1.75376
499,1.53756,0.00255194,1.53501
499,1.53404,0.00257888,1.53146
